0.0202181556448589,-0.286355230478525,0.179593390954033,-0.0973017819990171,-0.281237891479832,0.145643389880419,-0.278840087009316,0.578450830552484,-0.602666225364634
-0.35157612702782,0.437003468691136,0.532600952527423,-0.614111470686788,0.132992838847338,0.0567579716751371,0.0418795787654454,0.042728837698965,0.0117178057587446
-0.438755855765681,-0.346487857985603,0.00824196349103322,-0.136153485883969,-0.208372505908022,-0.377003247934901,-0.519417792962839,-0.461515946790332,-0.0221675136024185
-0.460471606777204,0.0200386379927213,-0.480613768229987,-0.132647312526547,-0.0199245778571177,-0.467282154907848,0.400378294788059,0.396035199332419,-0.0555264753149754
-0.249230029362429,-0.609243559878415,0.063770460590636,-0.0522992533119156,0.678098341577023,0.277020517232415,0.152562036116755,0.0069803092838903,-0.00481313522980004
0.0111840177207325,-0.241647106261927,0.254167095228694,0.0356089634481619,-0.148716745587896,-0.115525888154682,-0.167786582007866,0.478497692137774,0.763568859679842
0.463704722310647,-0.0668010848088373,0.308946897181644,-0.0320924476978308,0.365884340151019,-0.718382232905887,0.0217003859092243,0.0302010370276889,-0.180859179443602
0.439362516386384,-0.256235775890792,-0.342013390636452,-0.753338920498961,-0.143646574477694,0.0881540597722573,0.0658571410042797,-0.0963031486325111,0.121631335451795
-0.0338004642400017,-0.32692976400042,0.41465164478675,0.0686565294727351,-0.47218888508249,-0.0339367908891733,0.658909024402798,-0.233522739014927,-0.0501670351566832
