0.0278143596721751,-0.354814094152574,0.198137102851117,-0.119525198501133,0.331227892798329,-0.091450884990889,0.379749910644701,-0.62288110817501,0.41173132561723
-0.374043253121142,0.414371761213632,0.553187641914815,-0.601464487193045,-0.028653126310549,0.125749436875325,-0.0413281289051433,-0.0386587374229426,-0.0278416422258654
-0.38541621877941,-0.353398294182562,0.00413252568607632,-0.137276183379181,-0.146943342903757,-0.316914009440906,0.424797481479079,0.592674769268568,0.232290847595803
-0.476637817070272,-0.0153558357750464,-0.477603944294308,-0.171869703669806,-0.318622694848817,-0.392929148262773,-0.24071147345665,-0.441573929877903,-0.0780549855703716
-0.220873542601523,-0.568930096769469,0.0249335022865299,-0.0533741182164602,-0.298832198528095,0.703644271782363,-0.1919135885341,-0.0523952764013953,-0.00842096160774546
0.017388005529234,-0.303560814206046,0.28833772289606,0.0328351416076838,-0.0140831014591426,-0.206253500600821,0.244661305678214,-0.124077734073615,-0.839844284095084
0.481385280860442,-0.0254857260652467,0.289171123247961,-0.0619846549076052,-0.764863649396362,-0.213492396625963,0.00387901795046363,-0.102532507270517,0.197568433108332
0.449409995663855,-0.214420164416002,-0.339613577999512,-0.749308367208981,0.180010650481219,-0.0190463053846673,-0.101718218437201,0.142961635008726,-0.108180480107663
-0.0282867184654639,-0.338852023755345,0.379321595838135,0.0796127023343925,0.243793069241357,-0.370673005406891,-0.713186830149996,0.123216136161634,0.116210600444576
